2.330875
0.144411
1.450585
9.299960
6.228070
0.862366
5.704609
0.080585
4.923101
1.707965
1888.490686
388.864449
53.277382
4.061784
1.195723
1.092816
23.606099
70.126628
1.516704
14.334389
4.018531
2.065027
35.679096
4.067805
27.579140
2.310434
1.797749
84.795012
1.119909
0.852654
1.516346
0.522909
1117.521710
557.302826
1.266651
0.958016
80.190577
2.060948
27.178227
0.588857
8.869981
0.956299
66.507619
67.015588
0.196482
5.354011
18.655192
8.395958
18.743135
7.443629
1.427448
18.464226
4.354623
26.550803
51.234879
1.617210
7.455361
0.624488
125.981753
10.808529
3.000954
198.280029
302.768601
3.896216
13.630964
15.620106
15.810117
27.745539
0.749840
0.749972
5.163954
0.280502
4.205915
1.833963
1.182445
493.126595
13.625735
3.634672
2.881203
22.550887
48.876950
60.436438
42.791955
1.040520
0.272033
8.993671
5.599714
1.593932
0.752529
4.889350
0.354156
1.793087
7.987384
77.400711
0.798120
0.282390
2.482069
19.314666
88.946184
4.426584
3.280539
9.164367
1.568386
14.216464
41.715043
48.773663
6.685918
2.980179
26.262881
32.877040
22.707380
1.682908
0.121118
0.375515
0.925928
46.626574
0.933309
13.085709
20.492255
1.084697
1.171311
5.916607
15.761845
13.181360
0.538215
0.681469
7.299862
3.001288
2.663122
108.086618
7.068643
15.913793
24.283303
90.827307
0.909208
15.978256
6.223688
12.740745
3.977384
0.085612
1.391366
13.861818
4.355719
27.724064
0.430709
1.089763
20.804153
0.161046
0.758402
1.747325
1.329692
3.581669
11.583480
16.239295
209.166090
8.244359
26.885753
204.203404
0.510354
10.886799
3.195075
4.574989
0.367722
0.799985
1.317743
42.507506
0.405062
12.898457
13.633761
2.725107
0.395847
0.212355
296.094461
0.548533
1.010755
124.096939
53.724997
467.742908
0.410275
0.714862
6.091048
12.332241
207.389629
17.597851
0.775052
8.109536
2.208786
3.949134
1.220352
1.625671
0.204796
51.749957
0.143619
0.540476
0.598048
0.557025
17.034300
1.749780
1.406929
0.349650
5.891776
97.861927
2.332965
0.220506
311.206785
17.683510
27.834437
4.241709
22.520742
0.358593
11.316451
3.961954
5.026458
0.241328
3.825832
0.117133
10.589670
10.176194
0.278171
41.453716
2.555895
9.197278
1.175227
0.285762
82.781372
0.826890
6.741874
260.600256
12.049338
12.368734
0.267969
5.452039
8.400239
0.295489
0.379477
3.574793
153.462469
5.545723
8.615935
0.221127
0.359261
7.699291
0.864836
6.720314
10.530801
2.471153
1.657898
0.115540
0.893630
19.828430
6.537303
0.673373
0.163229
1.513619
0.413422
78.510085
14.586113
2.773277
10.193404
2.163754
119.773340
7.524766
24.488270
1.147040
14.501892
18.765542
2.115000
0.966842
0.443024
41.009465
89.480801
11.387915
0.663327
2.933150
20.661490
16.467042
80.593409
2.643224
162.212358
4.483783
0.198215
3.909315
79.100021
0.493261
53.420045
3.343775
7.458515
3.548407
4.526368
118.670726
2.246367
21.713423
4.982125
6.302486
2.276590
2.411880
1.233226
79.220339
144.238534
2.864740
3.660560
3.228476
11.816153
2.140562
1.474034
12.086104
25.405465
0.204827
1.907835
1.844902
1.702806
0.402498
13.937788
0.180400
0.623897
0.213233
19.189538
28.223984
1.324829
7.503842
0.678439
0.718188
2.395347
0.201323
1.246885
4.861325
0.742296
34.965384
8.820552
0.798120
8.267411
12.510737
0.537640
0.691266
0.472035
14.784227
11.972770
99.233536
2.412284
20.783276
44.255360
2.876775
0.277479
0.267340
243.330292
0.282055
17.787302
6.281594
1.752375
0.735195
1.504327
63.423400
64.937640
6.227674
1.386363
4.966050
18.239128
0.498063
14.860912
35.429929
16.342590
2.211155
22.240769
3.685686
94.431212
16.622975
6.681000
6.440333
53.121697
5.678465
0.422598
133.558854
354.542340
2.106516
7.903023
0.846275
128.511706
0.654245
0.463115
7.551423
3.149103
6.394827
1.926342
35.705466
5.477259
0.212060
2.730468
0.988395
2.050475
1.893982
6.412852
0.487613
4.378522
17.040966
132.382625
0.482298
96.298490
4.988139
0.765162
0.330172
7.979179
2.305896
315.009247
62.297726
265.488681
0.389958
6.641143
19.175553
46.139544
11.339270
18.119308
4.694282
0.580528
7.340668
27.312748
3.406179
235.574618
31.455490
27.251198
1.852912
1.243669
3.559191
0.305426
0.093436
2.201941
6.353229
18.820907
71.790346
1.895225
5.399028
13.802918
114.425924
3.396141
0.316614
15.438200
3.175029
1.202910
0.996723
0.814288
0.525240
9.277700
0.130286
0.647780
11.007063
9.963373
45.439390
63.068715
1.022837
239.973395
0.486478
101.111155
0.872746
0.746663
0.385996
0.430352
22.990298
22.535916
1.198287
8.708190
3.089146
12.628880
0.950316
1.838508
1.750821
5.181218
1.540160
22.275452
0.937170
23.929652
1.655257
8.851319
30.189165
9.211559
0.707512
1.012612
6.770831
0.470326
10.651042
1.298226
45.330858
0.528107
67.908309
0.585547
5.836310
0.535022
0.612523
0.792961
0.366424
3.418999
151.019815
1.167473
44.913590
40.270370
21.000146
17.774172
1.019535
0.614076
6.769502
9.032542
1.757837
10.689532
0.692323
0.448579
3.944938
3.630104
11.796488
67.990200
0.190515
0.157417
1.232791
79.059752
1.124205
13.649914
121.055063
11.894190
4.865094
0.718832
57.826872
1.975056
3.402396
0.310632
33.155273
320.536114
0.218913
2.321832
1.960085
3.932670
0.229371
21.843072
2.575971
0.921639
0.570832
2.861003
0.533895
11.807350
43.425486
15.966680
1.310020
7.964627
0.476479
0.990407
21.116773
6.248900
66.452122
4.038180
4.805991
0.253518
0.785557
24.602077
27.105279
0.630089
8.369083
0.344359
3.723143
1.825144
0.326357
1.473839
7.043011
0.658945
21.901576
1.462644
7.556139
2.072020
0.430491
2.528243
3.584644
5.923406
0.137489
5.880806
195.792358
3.201896
14.653358
0.456061
0.224616
117.020822
6.708815
0.391939
0.948840
0.924032
3.670606
30.278001
33.612212
16.743768
5.698790
39.948239
14.554639
1.061622
0.706588
90.561894
9.179595
69.597441
47.969537
25.190483
2.452118
16.219328
13.366413
60.413728
88.675487
3.579283
0.712516
1.351159
0.344732
0.961512
0.644774
37.142843
3.539037
0.697482
19.662381
2.358216
1.552521
1.839013
0.788975
5.209919
0.309435
0.359292
1.805892
6.763745
40.589105
0.181130
5.353320
9.859549
4.079063
35.881064
22.466565
12.818680
456.549549
156.686361
1.230352
18.347070
1.736316
1.909521
0.289569
3.566386
0.251824
2.586499
0.359789
122.575830
0.948848
0.184168
0.123713
13.020500
20.060707
10.516746
1.961475
0.375561
0.144885
27.778987
0.332907
1.576420
7.476875
1.129636
0.620191
0.179195
59.490830
3.800146
1.305366
1.867441
75.472186
51.481443
0.781524
2.655158
91.044371
65.857151
3.212781
7.311921
3.650879
137.985423
2.603856
3.999434
9.612285
1.992134
91.530313
1.638778
41.574384
4.618203
9.557736
7.960066
5.528273
2.587517
3.372576
115.139979
29.420585
0.556000
5.907261
45.461230
1.205839
7.207025
11.906994
17.649697
105.022568
2.692887
0.656980
55.734830
0.398349
0.223676
3.992744
5.393822
16.340640
11.042787
122.276177
69.924831
19.429444
6.440845
3.409613
21.704923
17.303194
39.948146
6.932366
46.091972
15.679714
3.230511
0.698212
1.098869
0.625785
2.138884
4.173788
16.559134
1.012713
9.254011
21.009539
7.983010
0.603704
11.119906
35.765640
36.320482
27.773082
10.004535
0.458291
295.826406
1.333227
6.594440
53.337836
64.446205
82.106158
0.302435
0.424843
0.495732
0.403873
2.757249
169.617955
2.698123
8.052546
1485.999258
0.669294
0.681787
0.150813
1.038679
0.400688
0.664034
2.078795
2.427574
0.538487
21.188921
7.630143
4.383930
21.262156
5.855485
0.581072
27.651559
36.088905
1.809465
0.682091
2.191390
6.985432
1.196415
10.795632
8.084829
24.719031
115.632805
11.092519
1.055274
15.978971
0.401682
6.138177
0.751915
74.263729
0.955126
0.630913
9.077737
0.211951
7.917295
5.410356
1.554021
0.639024
17.865673
116.093752
1.478501
0.223046
4.041731
8.637379
0.994882
261.182291
5.603878
1.313524
2.078460
71.232536
61.630475
18.093334
675.944541
2.131549
5.145448
65.713493
57.868135
11.924467
2.441365
13.662889
3.313443
70.788161
2.783867
6.875998
0.347902
0.297424
5.676095
1.622858
0.464359
192.219671
12.211200
1.218231
3.943804
4.060976
49.643122
0.983306
1.499440
112.061524
8.755110
0.609625
20.905972
0.960844
1.176082
1.132355
10.049008
0.213521
2.053373
0.240986
11.418519
1.789529
0.139804
1.436251
14.669790
2.577215
3.407220
0.617775
0.202527
0.308060
0.336364
0.114343
0.283547
0.062156
3.772269
1.493154
14.998874
18.791080
0.253433
27.361921
1.617202
0.724558
0.135966
1.260218
569.167298
3.062294
1.007453
18.593829
5.518157
99.514939
3.782075
3.330528
0.815749
3.358840
1.323725
0.375794
16.250965
6.303520
33.190119
4.122028
4.509516
0.738318
0.106838
0.847200
2.854764
389.242621
0.467909
0.447149
0.757454
0.182218
1.340942
0.295567
0.551019
6.133492
4.017700
0.777803
1.785590
53.057055
55.596665
12.517714
2.216625
44.974418
61.818023
61.658360
4.431479
25.315222
22.287999
43.208780
2.005761
36.924948
1.712440
1.844257
682.398789
7.074897
127.626646
6.892695
23.779204
3.418805
0.905331
1.053899
3.879488
0.407603
2.884435
2.760186
5.117112
0.701040
39.963716
531.393829
1.461323
12.900128
1.655723
60.383132
0.839244
1.143163
1.631055
49.166503
0.432659
47.529038
21.851541
84.752249
6.841502
1.076780
28.518921
5.102684
1.001191
2.018581
0.380844
0.389088
0.288465
1.489207
0.410959
3.820642
31.539750
4.243232
0.429559
7.542612
96.059687
11.491233
1.884899
0.239619
35.726661
17.277228
7.463371
5.140918
7.106845
0.660740
3.470177
1.647410
22.506042
3.351754
4.267216
1.894704
196.782065
251.584472
8.057488
1.940366
116.349912
6.755571
1.247367
0.254116
4.329722
12.931291
117.956478
2.137167
2.603903
4.167402
0.863376
0.293469
2.717726
2.282604
4.191386
2.009188
4.679854
10.110682
18.281402
43.011683
1.852648
1.410650
75.732682
59.656763
2.158945
2.679111
462.583204
0.583208
1.772125
0.452681
499.613001
4.642040
20.768001
0.473060
1.876462
1.624163
0.138911
16.992826
1.891045
0.283975
0.633143
3.185511
0.857735
0.768992
2.488091
0.337545
1.582496
76.254247
4.492967
5.113958
0.795183
0.930217
0.368895
4.309661
158.528707
0.427003
0.610324
23.932324
0.590154
0.407268
3.399684
100.013265
1.872227
6.598542
7.012873
1.080688
0.947045
8.672240
75.044135
85.711819
30.627426
1.926676
9.479886
1.102109
13.572421
2.298904
177.500148
0.796582
8.855794
0.442930
0.241025
4.310345
1.250692
1.205256
4.900631
0.278761
97.221403
0.710030
0.845063
4.511745
0.283943
77.413314
17.828465
1.654876
1.176501
0.562930
2.785002
0.402444
1.276945
2.634895
5.854762
0.867898
0.144870
1.778745
0.562021
0.786155
4.536918
1.698820
0.913334
0.678618
0.336046
2.471946
5.533650
25.678072
12.065243
1.714033
375.656580
0.252469
0.505684
27.219165
169.172251
8.427424
1.128525
0.709268
6.561055
0.867051
0.732600
5.556267
539.061087
3.058619
0.766925
2.928916
481.362902
1.801642
0.286096
33.100017
82.299408
3.035622
2.278765
1.359007
1.067457
3.360728
131.150020
14.772355
1.781301
340.807475
182.275419
4.338742
1.727536
0.411798
0.687459
137.394087
0.170253
8.940233
0.272336
1.233988
415.713577
8.333468
3.490198
1.884721
340.001663
0.504535
1.571991
1.593552
74.002100
9.281507
4.083678
0.907382
13.674092
0.866756
54.094102
1.216281
0.665402
0.549054
1.361780
10.242833
337.172111
12.747869
16.838664
7.117350
64.836420
2.551661
0.133503
36.390104
1.989663
2.707796
1.107400
2.337394
22.421790
239.855493
2.987769
16.486738
3.315160
21.675135
7.024722
1.023963
6.233424
32.857314
0.825469
4.856454
1.034390
1.462566
1.107011
48.012432
13.279589
6.010338
6.183450
0.252236
1.561316
11.843960
7.350535
1.949914
2.717283
34.986540
2.380087
9.563571
328.654103
14.313816
0.406934
3.913278
1.096530
0.586386
0.540453
2.362404
0.340443
4.065249
3.924101
4.210686
6.226042
5.288289
179.902371
34.253769
11.112098
14.148536
2.257780
43.042194
0.125889
1.009597
4.955950
95.518154
22.011647
0.454755
109.682353
0.519304
4.254109
7.556931
101.955154
0.937683
0.902573
1.620574
23.406136
7.263688
23.111106
8.623564
82.697610
15.814973
4.412032
14.307305
0.673062
20.535352
15.447166
3.202603
4.233901
0.871759
4.490022
0.324446
66.198293
0.226760
6.893783
2.433697
0.999528
1.124702
0.384978
6.419145
313.643978
11.886599
1.041678
10.064391
7.023960
0.520377
279.586420
101.866768
4.599851
3.105182
138.056234
0.681368
0.747354
1.100104
4.191402
9.486016
69.198696
5.136878
0.543685
8.533827
31.736830
3.057936
29.572299
97.204901
2.534576
31.379481
1.117368
0.141894
5.222583
6.144603
1.153830
2.999696
1.141003
3.339300
1.908666
0.563746
164.941567
0.336038
1.234190
0.660243
1.625865
10.853149
1.952696
14.962762
6.707595
6.090597
33.900304
1.966308
4.799457
0.395420
0.103754
63.196795
28.824930
10.737244
37.689977
1.615928
6.231225
5.321147
285.708250
0.331407
0.184440
14.583572
34.331091
1.501771
62.345524
8.374180
1.134709
1.408638
266.969544
0.188861
5.735112
79.496700
0.974837
48.301861
0.547741
4.774408
1.707949
0.414960
4.743991
163.175253
48.642871
0.683365
0.723556
0.221702
5.227594
0.455696
114.840014
593.178630
1.520806
113.807606
13.174911
0.286437
2.860397
6.850647
29.565400
26.571920
0.215766
7.333465
12.582900
14.478583
513.882662
33.675339
2162.910501
2.460742
61.059294
5.327378
0.735980
44.394193
0.154356
5.715572
0.719058
10.735744
0.450443
1.194457
23.131656
44.533663
21.060468
7.196761
5.762624
10.432354
31.543549
1.551231
4.634037
35.608487
19.023458
0.631270
7.690465
224.109529
0.110715
0.568190
3.512077
1.425109
288.723702
3.180608
10.386910
0.580792
14.831613
3.466665
1.623324
2.743746
20.012318
0.632568
1.142028
141.600531
4.009650
14.358832
0.744534
3.468226
6.783806
2.132847
0.132594
10.122546
3.318182
6.023414
0.386244
0.421720
0.251079
1.239621
12.635390
146.677731
62.218602
1.811439
31.156520
21.310420
0.393198
94.132623
8.976213
0.622817
28.824098
5.294769
0.385024
0.657756
1.882335
3.299093
0.837744
23.268764
0.635435
4.070470
5.474594
0.319046
4.290735
592.798796
1.380349
54.460379
0.587645
74.055608
4.254576
127.861610
81.499043
8.333600
4.868924
0.230715
1.304744
0.083802
2.351931
1.940335
3.573938
3.420118
0.152554
1.391133
0.489951
538.816745
2.002156
4.088417
15.080213
0.827341
1.272276
0.162716
2.106990
13.652998
0.403865
1.919272
1.628250
4.722796
23.616021
0.094391
547.875315
0.812462
0.539598
0.200499
515.076016
181.851384
2.124712
39.632713
0.780134
59.393665
1.724856
48.815983
93.908730
4.541518
5.772989
22.715095
17.302044
13.940407
0.701646
53.818223
22.228190
33.322092
65.365327
0.635893
6.166435
0.305527
1.404000
8.558612
2.549951
0.513866
1.192242
0.263564
34.282330
10.950221
0.515117
20.284833
3.718738
1.079981
1.573996
4.289227
9.232241
0.549939
1.109179
0.713565
1.021671
2.123197
1.077106
0.245213
1.990852
4.871193
0.414393
12.768792
54.128785
7.867679
1.431371
17.387881
19.268795
7.723004
56.790671
59.888177
1.673888
4.164644
1.184310
288.389630
7.376066
15.684205
1.027118
13.279170
1.075584
0.710581
11.941630
2.897542
76.583797
6.660760
55.996957
1.307114
6.975976
18.105695
0.082660
11.967805
3.732132
215.761050
76.480719
1.976999
0.435689
88.173998
0.280222
7.920636
1.695433
4.140022
101.657194
19.787524
123.534203
27.709916
0.235205
0.254186
12.436484
0.942819
0.563350
0.540616
3.788951
0.138911
0.681508
64.501089
0.410345
2.250826
0.929471
25.256897
14.013370
8.159688
2.822015
1.566972
43.642255
5.840000
4.900989
2.312897
44.091657
0.582727
5.376527
11.231733
0.170027
0.872264
0.373207
4.242704
1.500287
7.504107
0.842515
5.906616
7.428525
24.266467
14.747213
658.683101
27.082841
2.740343
4.194634
1.294380
0.382266
14.727276
1.157163
7.829858
17.972231
173.485953
1.342605
1.789498
4.464833
12.071901
9.344262
14.522605
1.429406
22.212495
2.792002
0.669154
1.390589
7.312667
6.247168
38.685706
121.961645
3.463891
55.439590
2.284857
1.082599
0.190376
85.490629
1.821990
0.287113
2.377803
19.353560
0.254054
5.085957
1.791976
92.996740
4.319373
10.300871
8.668068
38.976269
7.667538
11.486541
4.696939
1.025206
2.458062
1.106506
0.817155
16.295570
0.329341
0.162033
0.423250
3.793340
0.783917
11.414968
0.621978
1.048561
1.545218
1.286160
2.153125
1.660260
0.393594
151.386091
6.227728
1.193004
0.334297
4.317027
5.425708
3.657910
3.378163
94.292200
8.389540
0.899644
0.632451
1.282042
0.286904
2.560230
52.587437
43.949064
5.888645
1.206212
5.629082
1.133886
0.180617
7.021536
0.456581
13.567176
4.667197
0.355058
1.185607
2.140026
0.763911
0.173539
9.478316
3.979008
322.359448
0.800295
0.634479
42.647916
109.583052
10.290429
132.401015
1.993206
3.756023
3.149235
18.809020
3.164424
19.177402
17.993667
3.225143
4.918773
8.697336
2.187948
24.066193
1.727093
100.692535
0.320561
128.644859
4.739080
57.089618
2.983318
2.929522
20.770254
1.927857
31.102514
15.540003
48.835927
0.848707
15.822905
38.336290
0.775045
66.827839
8.457616
6.204871
1.648948
0.857331
24.812047
1.098123
48.399430
7.758542
43.180235
22.138289
35.540885
1.311007
286.517900
9.689281
2.250112
298.044313
1.237764
1.116094
3.314414
2.809926
0.269679
5.493023
0.241227
1.510325
11.733385
3.278566
72.566377
4.582370
1.800461
13.233951
251.006368
0.695454
0.267604
2.253235
1.132044
30.222644
31.722325
1.324005
0.597706
0.865606
48.381009
0.177377
9.097588
0.121522
16.999399
1.238665
5.843745
6.152131
3.486088
2.720616
2.573742
6.219369
46.389566
2.196549
96.009706
0.899108
19.414472
9.135744
3.284626
20.233220
1.987138
1.366007
2.697727
0.293150
1.513402
30.510565
0.153082
1.248525
2.638648
2.327177
0.517339
0.151948
0.833525
0.899348
1.907944
574.652070
20.462637
2.922063
4.149835
27.351720
1.638552
59.327423
1.032984
0.761883
98.475227
0.852561
39.634376
2.604944
1.132511
3.499157
2.625121
16.670890
0.154931
2.188274
0.929906
3.068417
1.715167
0.367737
1.568246
0.665075
0.398326
0.600892
1.373512
2.001799
2.899236
0.532932
1.923553
0.852980
8.509850
0.999225
28.934239
78.182912
37.414083
1.825276
1.996461
0.522008
0.764843
48.360023
162.574291
294.496963
0.508536
222.859893
2.849535
0.409700
18.946734
9.292486
4.565448
1.725881
132.408543
7.653995
2.046644
98.034394
16.003289
1.589348
53.792910
99.679333
11.500230
3.580387
1.884091
1.708928
0.492570
5.693561
0.509468
5.003048
0.791306
19.698097
1.118782
1.784720
47.806751
0.250729
39.825955
5.414707
85.287869
0.349984
0.531875
1.434775
7.256400
2.521810
25.463277
1.409702
13.565257
1.087797
0.612196
0.320802
0.499446
1.710482
6.588186
2.481844
0.187633
15.265888
146.070632
193.309084
1.266239
11.100747
3.367953
16.360227
4.101804
4.428876
5.358797
12.177566
124.236883
0.572984
10.217093
9.622052
155.122054
0.696340
788.456073
1.328208
3.424228
3.661011
10.657156
32.185083
1.736852
76.441888
16.910819
5.109055
9.511935
17.612939
33.915711
15.228571
672.980538
0.295901
4.302544
1.780524
1.650875
98.647507
3.448173
1.149736
7.859910
0.579937
97.776983
4.146300
130.530652
9.053955
2.305469
72.466066
1.010382
34.499230
236.662112
7.019633
10.100543
4.248080
13.494742
5.572225
22.639739
1.598532
23.343615
474.552641
34.285181
4.795673
2.729667
0.147651
1.785870
127.465755
0.868255
55.389197
0.979972
13.295703
0.780351
1.049494
0.365065
7.805935
16.766563
0.863438
7.373292
1.138159
0.664120
4.175715
6.787201
2.973411
0.346736
0.719221
9.239125
16.066292
11.300780
48.644254
6.863761
19.405242
16.222179
0.250970
4.006387
17.047850
1.879546
0.704840
0.699712
0.962002
26.889676
5.808821
6.182518
12.132107
4.101890
4.528178
0.593309
443.861427
5.074838
4.595329
0.684926
0.482236
1.609728
354.118887
1.364336
2.771048
0.593402
0.451982
1.177915
0.280867
2.724446
0.314213
1.070075
0.961295
49.705728
2.154430
0.157627
1.050007
1.214385
51.412800
0.316669
2.771475
4.399570
55.472105
6.301539
2.121061
5.162975
16.661528
16.264328
0.481327
0.995185
4.250885
1.479037
0.407704
64.472668
9.351868
9.566647
53.473461
2801.385788
369.897118
1.444836
58.022872
7.672425
7.932500
275.486721
493.763995
266.777514
0.991129
4.357661
587.175494
797.173400
32.456711
1.107889
34.577461
0.165210
16.294878
1.530230
1.291870
0.527027
3.565446
8.714708
10.404322
30.959735
0.198176
4.313352
5.020087
0.673886
1.476567
1.601360
91.679192
5.860123
203.534847
0.564631
12.669079
3.407523
1.696598
5.509751
20.298041
0.706005
42.036816
6.096238
3.263221
1.135642
295.180498
2.148689
69.526599
22.623843
7.461685
30.910103
22.773872
6.602249
36.344296
49.881956
33.004794
234.804483
33.912192
64.237346
13.073294
2.918582
6.441879
0.675696
4.598577
47.304601
42.781808
3.853608
81.137638
22.893079
0.470675
14.527430
152.175634
0.412023
1.200587
1.066610
7.243308
1.469364
8.763244
0.594995
4.562667
27.129225
1.891146
58.180686
2.212927
20.064180
2.527653
89.744948
168.310927
0.464840
1.762973
1.160512
1.151841
0.334220
42.770923
2.628757
1.417658
6.625503
0.449053
0.450335
1.990323
0.109153
59.185148
1.393767
0.399056
10.121746
0.367263
4.870462
0.626407
8.373348
6.748307
0.307011
43.200940
0.800194
768.765940
0.821133
5.969665
0.141762
4.123178
2.198305
191.128393
9.803756
60.225318
0.528294
1.105232
0.146354
0.793482
204.682275
0.807909
0.184043
129.233110
23.131073
111.304396
29.284883
28.173808
2.710228
396.562917
85.712759
0.993282
0.331586
12.762235
20.590119
1.892296
41.235277
2.182362
385.063829
30.760999
0.353488
15.004025
5.593312
0.146991
0.319776
3.238436
3.319146
5.459218
38.464843
3.580573
0.764090
3.710681
36.992099
2.280467
5.867046
10.699368
4.637230
2.909274
0.957620
15.806986
45.230935
97.916282
0.745047
4.186950
49.636308
13.313557
0.420500
14.993560
2.545663
4.543616
183.736889
0.605616
2.242373
6.326152
0.796100
9.102693
0.785533
0.344514
3.520165
2.076945
14.919284
13.433464
1.223111
2.495604
0.300966
55.107817
75.127299
545.208922
1.046922
0.351383
11.779963
5.036209
7.678057
0.611272
9.394266
7.140518
4.046190
10.833951
0.823511
0.872132
7.862614
3.417290
29.511293
31.439197
0.201719
778.684241
3725.855630
1.140319
98.882627
1.551045
0.174425
1.849494
1.449715
360.313518
346.555305
0.763282
222.898119
3.106557
34.602207
17.217683
32.482654
2.136040
1.759927
3.784499
0.197928
0.752738
1.664207
2.750878
4.819432
0.549792
9.976014
4.397814
1.049059
273.418338
527.006302
4.698765
0.125446
0.197702
0.203125
0.573201
798.203819
39.057857
62.348049
40.444593
94.116680
35.540613
35.225335
9.305632
0.254785
9.564985
0.869172
6.057468
1.105698
0.988674
13.160903
142.592787
123.654825
151.398452
1.561277
1.242550
4.240963
1.293743
10.500733
58.521914
369.337677
77.749639
1.440959
0.081867
1.905854
